ID Income Limit Rating Cards Age Education Sex Student Married Balance Caucasian Asian
1.0 14.891 3606.0 283.0 2.0 34.0 11.0 0.0 0.0 1.0 333.0 1.0 0.0
2.0 106.025 6645.0 483.0 3.0 82.0 15.0 1.0 1.0 1.0 903.0 0.0 1.0
3.0 104.593 7075.0 514.0 4.0 71.0 11.0 0.0 0.0 0.0 580.0 0.0 1.0
4.0 148.924 9504.0 681.0 3.0 36.0 11.0 1.0 0.0 0.0 964.0 0.0 1.0
5.0 55.882 4897.0 357.0 2.0 68.0 16.0 0.0 0.0 1.0 331.0 1.0 0.0
6.0 80.18 8047.0 569.0 4.0 77.0 10.0 0.0 0.0 0.0 1151.0 1.0 0.0
7.0 20.996 3388.0 259.0 2.0 37.0 12.0 1.0 0.0 0.0 203.0 0.0 0.0
8.0 71.408 7114.0 512.0 2.0 87.0 9.0 0.0 0.0 0.0 872.0 0.0 1.0
9.0 15.125 3300.0 266.0 5.0 66.0 13.0 1.0 0.0 0.0 279.0 1.0 0.0
10.0 71.061 6819.0 491.0 3.0 41.0 19.0 1.0 1.0 1.0 1350.0 0.0 0.0
11.0 63.095 8117.0 589.0 4.0 30.0 14.0 0.0 0.0 1.0 1407.0 1.0 0.0
12.0 15.045 1311.0 138.0 3.0 64.0 16.0 0.0 0.0 0.0 0.0 1.0 0.0
13.0 80.616 5308.0 394.0 1.0 57.0 7.0 1.0 0.0 1.0 204.0 0.0 1.0
14.0 43.682 6922.0 511.0 1.0 49.0 9.0 0.0 0.0 1.0 1081.0 1.0 0.0
15.0 19.144 3291.0 269.0 2.0 75.0 13.0 1.0 0.0 0.0 148.0 0.0 0.0
16.0 20.089 2525.0 200.0 3.0 57.0 15.0 1.0 0.0 1.0 0.0 0.0 0.0
17.0 53.598 3714.0 286.0 3.0 73.0 17.0 1.0 0.0 1.0 0.0 0.0 0.0
18.0 36.496 4378.0 339.0 3.0 69.0 15.0 1.0 0.0 1.0 368.0 0.0 1.0
19.0 49.57 6384.0 448.0 1.0 28.0 9.0 1.0 0.0 1.0 891.0 0.0 1.0
20.0 42.079 6626.0 479.0 2.0 44.0 9.0 0.0 0.0 0.0 1048.0 0.0 1.0
21.0 17.7 2860.0 235.0 4.0 63.0 16.0 1.0 0.0 0.0 89.0 0.0 1.0
22.0 37.348 6378.0 458.0 1.0 72.0 17.0 1.0 0.0 0.0 968.0 1.0 0.0
23.0 20.103 2631.0 213.0 3.0 61.0 10.0 0.0 0.0 1.0 0.0 0.0 0.0
24.0 64.027 5179.0 398.0 5.0 48.0 8.0 0.0 0.0 1.0 411.0 0.0 0.0
25.0 10.742 1757.0 156.0 3.0 57.0 15.0 1.0 0.0 0.0 0.0 1.0 0.0
26.0 14.09 4323.0 326.0 5.0 25.0 16.0 1.0 0.0 1.0 671.0 0.0 0.0
27.0 42.471 3625.0 289.0 6.0 44.0 12.0 1.0 1.0 0.0 654.0 1.0 0.0
28.0 32.793 4534.0 333.0 2.0 44.0 16.0 0.0 0.0 0.0 467.0 0.0 0.0
29.0 186.634 13414.0 949.0 2.0 41.0 14.0 1.0 0.0 1.0 1809.0 0.0 0.0
30.0 26.813 5611.0 411.0 4.0 55.0 16.0 1.0 0.0 0.0 915.0 1.0 0.0
31.0 34.142 5666.0 413.0 4.0 47.0 5.0 1.0 0.0 1.0 863.0 1.0 0.0
32.0 28.941 2733.0 210.0 5.0 43.0 16.0 0.0 0.0 1.0 0.0 0.0 1.0
33.0 134.181 7838.0 563.0 2.0 48.0 13.0 1.0 0.0 0.0 526.0 1.0 0.0
34.0 31.367 1829.0 162.0 4.0 30.0 10.0 0.0 0.0 1.0 0.0 1.0 0.0
35.0 20.15 2646.0 199.0 2.0 25.0 14.0 1.0 0.0 1.0 0.0 0.0 1.0
36.0 23.35 2558.0 220.0 3.0 49.0 12.0 1.0 1.0 0.0 419.0 1.0 0.0
37.0 62.413 6457.0 455.0 2.0 71.0 11.0 1.0 0.0 1.0 762.0 1.0 0.0
38.0 30.007 6481.0 462.0 2.0 69.0 9.0 1.0 0.0 1.0 1093.0 1.0 0.0
39.0 11.795 3899.0 300.0 4.0 25.0 10.0 1.0 0.0 0.0 531.0 1.0 0.0
40.0 13.647 3461.0 264.0 4.0 47.0 14.0 0.0 0.0 1.0 344.0 1.0 0.0
41.0 34.95 3327.0 253.0 3.0 54.0 14.0 1.0 0.0 0.0 50.0 0.0 0.0
42.0 113.659 7659.0 538.0 2.0 66.0 15.0 0.0 1.0 1.0 1155.0 0.0 0.0
43.0 44.158 4763.0 351.0 2.0 66.0 13.0 1.0 0.0 1.0 385.0 0.0 1.0
44.0 36.929 6257.0 445.0 1.0 24.0 14.0 1.0 0.0 1.0 976.0 0.0 1.0
45.0 31.861 6375.0 469.0 3.0 25.0 16.0 1.0 0.0 1.0 1120.0 1.0 0.0
46.0 77.38 7569.0 564.0 3.0 50.0 12.0 1.0 0.0 1.0 997.0 1.0 0.0
47.0 19.531 5043.0 376.0 2.0 64.0 16.0 1.0 1.0 1.0 1241.0 0.0 1.0
48.0 44.646 4431.0 320.0 2.0 49.0 15.0 0.0 1.0 1.0 797.0 1.0 0.0
49.0 44.522 2252.0 205.0 6.0 72.0 15.0 0.0 0.0 1.0 0.0 0.0 1.0
50.0 43.479 4569.0 354.0 4.0 49.0 13.0 0.0 1.0 1.0 902.0 0.0 0.0
51.0 36.362 5183.0 376.0 3.0 49.0 15.0 0.0 0.0 1.0 654.0 0.0 0.0
52.0 39.705 3969.0 301.0 2.0 27.0 20.0 0.0 0.0 1.0 211.0 0.0 0.0
53.0 44.205 5441.0 394.0 1.0 32.0 12.0 0.0 0.0 1.0 607.0 1.0 0.0
54.0 16.304 5466.0 413.0 4.0 66.0 10.0 0.0 0.0 1.0 957.0 0.0 1.0
55.0 15.333 1499.0 138.0 2.0 47.0 9.0 1.0 0.0 1.0 0.0 0.0 1.0
56.0 32.916 1786.0 154.0 2.0 60.0 8.0 1.0 0.0 1.0 0.0 0.0 1.0
57.0 57.1 4742.0 372.0 7.0 79.0 18.0 1.0 0.0 1.0 379.0 0.0 1.0
58.0 76.273 4779.0 367.0 4.0 65.0 14.0 1.0 0.0 1.0 133.0 1.0 0.0
59.0 10.354 3480.0 281.0 2.0 70.0 17.0 0.0 0.0 1.0 333.0 1.0 0.0
60.0 51.872 5294.0 390.0 4.0 81.0 17.0 1.0 0.0 0.0 531.0 1.0 0.0
61.0 35.51 5198.0 364.0 2.0 35.0 20.0 1.0 0.0 0.0 631.0 0.0 1.0
62.0 21.238 3089.0 254.0 3.0 59.0 10.0 1.0 0.0 0.0 108.0 1.0 0.0
63.0 30.682 1671.0 160.0 2.0 77.0 7.0 1.0 0.0 0.0 0.0 1.0 0.0
64.0 14.132 2998.0 251.0 4.0 75.0 17.0 0.0 0.0 0.0 133.0 1.0 0.0
65.0 32.164 2937.0 223.0 2.0 79.0 15.0 1.0 0.0 1.0 0.0 0.0 0.0
66.0 12.0 4160.0 320.0 4.0 28.0 14.0 1.0 0.0 1.0 602.0 1.0 0.0
67.0 113.829 9704.0 694.0 4.0 38.0 13.0 1.0 0.0 1.0 1388.0 0.0 1.0
68.0 11.187 5099.0 380.0 4.0 69.0 16.0 1.0 0.0 0.0 889.0 0.0 0.0
69.0 27.847 5619.0 418.0 2.0 78.0 15.0 1.0 0.0 1.0 822.0 1.0 0.0
70.0 49.502 6819.0 505.0 4.0 55.0 14.0 0.0 0.0 1.0 1084.0 1.0 0.0
71.0 24.889 3954.0 318.0 4.0 75.0 12.0 0.0 0.0 1.0 357.0 1.0 0.0
72.0 58.781 7402.0 538.0 2.0 81.0 12.0 1.0 0.0 1.0 1103.0 0.0 1.0
73.0 22.939 4923.0 355.0 1.0 47.0 18.0 1.0 0.0 1.0 663.0 0.0 1.0
74.0 23.989 4523.0 338.0 4.0 31.0 15.0 0.0 0.0 0.0 601.0 1.0 0.0
75.0 16.103 5390.0 418.0 4.0 45.0 10.0 1.0 0.0 1.0 945.0 1.0 0.0
76.0 33.017 3180.0 224.0 2.0 28.0 16.0 0.0 0.0 1.0 29.0 0.0 0.0
77.0 30.622 3293.0 251.0 1.0 68.0 16.0 0.0 1.0 0.0 532.0 1.0 0.0
78.0 20.936 3254.0 253.0 1.0 30.0 15.0 1.0 0.0 0.0 145.0 0.0 1.0
79.0 110.968 6662.0 468.0 3.0 45.0 11.0 1.0 0.0 1.0 391.0 1.0 0.0
80.0 15.354 2101.0 171.0 2.0 65.0 14.0 0.0 0.0 0.0 0.0 0.0 1.0
81.0 27.369 3449.0 288.0 3.0 40.0 9.0 1.0 0.0 1.0 162.0 1.0 0.0
82.0 53.48 4263.0 317.0 1.0 83.0 15.0 0.0 0.0 0.0 99.0 1.0 0.0
83.0 23.672 4433.0 344.0 3.0 63.0 11.0 0.0 0.0 0.0 503.0 1.0 0.0
84.0 19.225 1433.0 122.0 3.0 38.0 14.0 1.0 0.0 0.0 0.0 1.0 0.0
85.0 43.54 2906.0 232.0 4.0 69.0 11.0 0.0 0.0 0.0 0.0 1.0 0.0
86.0 152.298 12066.0 828.0 4.0 41.0 12.0 1.0 0.0 1.0 1779.0 0.0 1.0
87.0 55.367 6340.0 448.0 1.0 33.0 15.0 0.0 0.0 1.0 815.0 1.0 0.0
88.0 11.741 2271.0 182.0 4.0 59.0 12.0 1.0 0.0 0.0 0.0 0.0 1.0
89.0 15.56 4307.0 352.0 4.0 57.0 8.0 0.0 0.0 1.0 579.0 0.0 0.0
90.0 59.53 7518.0 543.0 3.0 52.0 9.0 1.0 0.0 0.0 1176.0 0.0 0.0
91.0 20.191 5767.0 431.0 4.0 42.0 16.0 0.0 0.0 1.0 1023.0 0.0 0.0
92.0 48.498 6040.0 456.0 3.0 47.0 16.0 0.0 0.0 1.0 812.0 1.0 0.0
93.0 30.733 2832.0 249.0 4.0 51.0 13.0 0.0 0.0 0.0 0.0 1.0 0.0
94.0 16.479 5435.0 388.0 2.0 26.0 16.0 0.0 0.0 0.0 937.0 0.0 0.0
95.0 38.009 3075.0 245.0 3.0 45.0 15.0 1.0 0.0 0.0 0.0 0.0 0.0
96.0 14.084 855.0 120.0 5.0 46.0 17.0 1.0 0.0 1.0 0.0 0.0 0.0
97.0 14.312 5382.0 367.0 1.0 59.0 17.0 0.0 1.0 0.0 1380.0 0.0 1.0
98.0 26.067 3388.0 266.0 4.0 74.0 17.0 1.0 0.0 1.0 155.0 0.0 0.0
99.0 36.295 2963.0 241.0 2.0 68.0 14.0 1.0 1.0 0.0 375.0 0.0 0.0
100.0 83.851 8494.0 607.0 5.0 47.0 18.0 0.0 0.0 0.0 1311.0 1.0 0.0
101.0 21.153 3736.0 256.0 1.0 41.0 11.0 0.0 0.0 0.0 298.0 1.0 0.0
102.0 17.976 2433.0 190.0 3.0 70.0 16.0 1.0 1.0 0.0 431.0 1.0 0.0
103.0 68.713 7582.0 531.0 2.0 56.0 16.0 0.0 1.0 0.0 1587.0 1.0 0.0
104.0 146.183 9540.0 682.0 6.0 66.0 15.0 0.0 0.0 0.0 1050.0 1.0 0.0
105.0 15.846 4768.0 365.0 4.0 53.0 12.0 1.0 0.0 0.0 745.0 1.0 0.0
106.0 12.031 3182.0 259.0 2.0 58.0 18.0 1.0 0.0 1.0 210.0 1.0 0.0
107.0 16.819 1337.0 115.0 2.0 74.0 15.0 0.0 0.0 1.0 0.0 0.0 1.0
108.0 39.11 3189.0 263.0 3.0 72.0 12.0 0.0 0.0 0.0 0.0 0.0 1.0
109.0 107.986 6033.0 449.0 4.0 64.0 14.0 0.0 0.0 1.0 227.0 1.0 0.0
110.0 13.561 3261.0 279.0 5.0 37.0 19.0 0.0 0.0 1.0 297.0 0.0 1.0
111.0 34.537 3271.0 250.0 3.0 57.0 17.0 1.0 0.0 1.0 47.0 0.0 1.0
112.0 28.575 2959.0 231.0 2.0 60.0 11.0 1.0 0.0 0.0 0.0 0.0 0.0
113.0 46.007 6637.0 491.0 4.0 42.0 14.0 0.0 0.0 1.0 1046.0 1.0 0.0
114.0 69.251 6386.0 474.0 4.0 30.0 12.0 1.0 0.0 1.0 768.0 0.0 1.0
115.0 16.482 3326.0 268.0 4.0 41.0 15.0 0.0 0.0 0.0 271.0 1.0 0.0
116.0 40.442 4828.0 369.0 5.0 81.0 8.0 1.0 0.0 0.0 510.0 0.0 0.0
117.0 35.177 2117.0 186.0 3.0 62.0 16.0 1.0 0.0 0.0 0.0 1.0 0.0
118.0 91.362 9113.0 626.0 1.0 47.0 17.0 0.0 0.0 1.0 1341.0 0.0 1.0
119.0 27.039 2161.0 173.0 3.0 40.0 17.0 1.0 0.0 0.0 0.0 1.0 0.0
120.0 23.012 1410.0 137.0 3.0 81.0 16.0 0.0 0.0 0.0 0.0 1.0 0.0
121.0 27.241 1402.0 128.0 2.0 67.0 15.0 1.0 0.0 1.0 0.0 0.0 1.0
122.0 148.08 8157.0 599.0 2.0 83.0 13.0 0.0 0.0 1.0 454.0 1.0 0.0
123.0 62.602 7056.0 481.0 1.0 84.0 11.0 1.0 0.0 0.0 904.0 1.0 0.0
124.0 11.808 1300.0 117.0 3.0 77.0 14.0 1.0 0.0 0.0 0.0 0.0 0.0
125.0 29.564 2529.0 192.0 1.0 30.0 12.0 1.0 0.0 1.0 0.0 1.0 0.0
126.0 27.578 2531.0 195.0 1.0 34.0 15.0 1.0 0.0 1.0 0.0 1.0 0.0
127.0 26.427 5533.0 433.0 5.0 50.0 15.0 1.0 1.0 1.0 1404.0 0.0 1.0
128.0 57.202 3411.0 259.0 3.0 72.0 11.0 1.0 0.0 0.0 0.0 1.0 0.0
129.0 123.299 8376.0 610.0 2.0 89.0 17.0 0.0 1.0 0.0 1259.0 0.0 0.0
130.0 18.145 3461.0 279.0 3.0 56.0 15.0 0.0 0.0 1.0 255.0 0.0 0.0
131.0 23.793 3821.0 281.0 4.0 56.0 12.0 1.0 1.0 1.0 868.0 0.0 0.0
132.0 10.726 1568.0 162.0 5.0 46.0 19.0 0.0 0.0 1.0 0.0 0.0 1.0
133.0 23.283 5443.0 407.0 4.0 49.0 13.0 0.0 0.0 1.0 912.0 0.0 0.0
134.0 21.455 5829.0 427.0 4.0 80.0 12.0 1.0 0.0 1.0 1018.0 0.0 0.0
135.0 34.664 5835.0 452.0 3.0 77.0 15.0 1.0 0.0 1.0 835.0 0.0 0.0
136.0 44.473 3500.0 257.0 3.0 81.0 16.0 1.0 0.0 0.0 8.0 0.0 0.0
137.0 54.663 4116.0 314.0 2.0 70.0 8.0 1.0 0.0 0.0 75.0 0.0 0.0
138.0 36.355 3613.0 278.0 4.0 35.0 9.0 0.0 0.0 1.0 187.0 0.0 1.0
139.0 21.374 2073.0 175.0 2.0 74.0 11.0 1.0 0.0 1.0 0.0 1.0 0.0
140.0 107.841 10384.0 728.0 3.0 87.0 7.0 0.0 0.0 0.0 1597.0 0.0 0.0
141.0 39.831 6045.0 459.0 3.0 32.0 12.0 1.0 1.0 1.0 1425.0 0.0 0.0
142.0 91.876 6754.0 483.0 2.0 33.0 10.0 0.0 0.0 1.0 605.0 1.0 0.0
143.0 103.893 7416.0 549.0 3.0 84.0 17.0 0.0 0.0 0.0 669.0 0.0 1.0
144.0 19.636 4896.0 387.0 3.0 64.0 10.0 1.0 0.0 0.0 710.0 0.0 0.0
145.0 17.392 2748.0 228.0 3.0 32.0 14.0 0.0 0.0 1.0 68.0 1.0 0.0
146.0 19.529 4673.0 341.0 2.0 51.0 14.0 0.0 0.0 0.0 642.0 0.0 1.0
147.0 17.055 5110.0 371.0 3.0 55.0 15.0 1.0 0.0 1.0 805.0 1.0 0.0
148.0 23.857 1501.0 150.0 3.0 56.0 16.0 0.0 0.0 1.0 0.0 1.0 0.0
149.0 15.184 2420.0 192.0 2.0 69.0 11.0 1.0 0.0 1.0 0.0 1.0 0.0
150.0 13.444 886.0 121.0 5.0 44.0 10.0 0.0 0.0 1.0 0.0 0.0 1.0
151.0 63.931 5728.0 435.0 3.0 28.0 14.0 1.0 0.0 1.0 581.0 0.0 0.0
152.0 35.864 4831.0 353.0 3.0 66.0 13.0 1.0 0.0 1.0 534.0 1.0 0.0
153.0 41.419 2120.0 184.0 4.0 24.0 11.0 1.0 1.0 0.0 156.0 1.0 0.0
154.0 92.112 4612.0 344.0 3.0 32.0 17.0 0.0 0.0 0.0 0.0 1.0 0.0
155.0 55.056 3155.0 235.0 2.0 31.0 16.0 0.0 0.0 1.0 0.0 0.0 0.0
156.0 19.537 1362.0 143.0 4.0 34.0 9.0 1.0 0.0 1.0 0.0 0.0 1.0
157.0 31.811 4284.0 338.0 5.0 75.0 13.0 1.0 0.0 1.0 429.0 1.0 0.0
158.0 56.256 5521.0 406.0 2.0 72.0 16.0 1.0 1.0 1.0 1020.0 1.0 0.0
159.0 42.357 5550.0 406.0 2.0 83.0 12.0 1.0 0.0 1.0 653.0 0.0 1.0
160.0 53.319 3000.0 235.0 3.0 53.0 13.0 0.0 0.0 0.0 0.0 0.0 1.0
161.0 12.238 4865.0 381.0 5.0 67.0 11.0 1.0 0.0 0.0 836.0 1.0 0.0
162.0 31.353 1705.0 160.0 3.0 81.0 14.0 0.0 0.0 1.0 0.0 1.0 0.0
163.0 63.809 7530.0 515.0 1.0 56.0 12.0 0.0 0.0 1.0 1086.0 1.0 0.0
164.0 13.676 2330.0 203.0 5.0 80.0 16.0 1.0 0.0 0.0 0.0 0.0 0.0
165.0 76.782 5977.0 429.0 4.0 44.0 12.0 0.0 0.0 1.0 548.0 0.0 1.0
166.0 25.383 4527.0 367.0 4.0 46.0 11.0 0.0 0.0 1.0 570.0 1.0 0.0
167.0 35.691 2880.0 214.0 2.0 35.0 15.0 0.0 0.0 0.0 0.0 0.0 0.0
168.0 29.403 2327.0 178.0 1.0 37.0 14.0 1.0 0.0 1.0 0.0 1.0 0.0
169.0 27.47 2820.0 219.0 1.0 32.0 11.0 1.0 0.0 1.0 0.0 0.0 1.0
170.0 27.33 6179.0 459.0 4.0 36.0 12.0 1.0 0.0 1.0 1099.0 1.0 0.0
171.0 34.772 2021.0 167.0 3.0 57.0 9.0 0.0 0.0 0.0 0.0 0.0 1.0
172.0 36.934 4270.0 299.0 1.0 63.0 9.0 1.0 0.0 1.0 283.0 1.0 0.0
173.0 76.348 4697.0 344.0 4.0 60.0 18.0 0.0 0.0 0.0 108.0 0.0 1.0
174.0 14.887 4745.0 339.0 3.0 58.0 12.0 0.0 0.0 1.0 724.0 0.0 0.0
175.0 121.834 10673.0 750.0 3.0 54.0 16.0 0.0 0.0 0.0 1573.0 0.0 0.0
176.0 30.132 2168.0 206.0 3.0 52.0 17.0 0.0 0.0 0.0 0.0 1.0 0.0
177.0 24.05 2607.0 221.0 4.0 32.0 18.0 0.0 0.0 1.0 0.0 1.0 0.0
178.0 22.379 3965.0 292.0 2.0 34.0 14.0 1.0 0.0 1.0 384.0 0.0 1.0
179.0 28.316 4391.0 316.0 2.0 29.0 10.0 1.0 0.0 0.0 453.0 1.0 0.0
180.0 58.026 7499.0 560.0 5.0 67.0 11.0 1.0 0.0 0.0 1237.0 1.0 0.0
181.0 10.635 3584.0 294.0 5.0 69.0 16.0 0.0 0.0 1.0 423.0 0.0 1.0
182.0 46.102 5180.0 382.0 3.0 81.0 12.0 0.0 0.0 1.0 516.0 0.0 0.0
183.0 58.929 6420.0 459.0 2.0 66.0 9.0 1.0 0.0 1.0 789.0 0.0 0.0
184.0 80.861 4090.0 335.0 3.0 29.0 15.0 1.0 0.0 1.0 0.0 0.0 1.0
185.0 158.889 11589.0 805.0 1.0 62.0 17.0 1.0 0.0 1.0 1448.0 1.0 0.0
186.0 30.42 4442.0 316.0 1.0 30.0 14.0 1.0 0.0 0.0 450.0 0.0 0.0
187.0 36.472 3806.0 309.0 2.0 52.0 13.0 0.0 0.0 0.0 188.0 0.0 0.0
188.0 23.365 2179.0 167.0 2.0 75.0 15.0 0.0 0.0 0.0 0.0 0.0 1.0
189.0 83.869 7667.0 554.0 2.0 83.0 11.0 0.0 0.0 0.0 930.0 0.0 0.0
190.0 58.351 4411.0 326.0 2.0 85.0 16.0 1.0 0.0 1.0 126.0 1.0 0.0
191.0 55.187 5352.0 385.0 4.0 50.0 17.0 1.0 0.0 1.0 538.0 1.0 0.0
192.0 124.29 9560.0 701.0 3.0 52.0 17.0 1.0 1.0 0.0 1687.0 0.0 1.0
193.0 28.508 3933.0 287.0 4.0 56.0 14.0 0.0 0.0 1.0 336.0 0.0 1.0
194.0 130.209 10088.0 730.0 7.0 39.0 19.0 1.0 0.0 1.0 1426.0 1.0 0.0
195.0 30.406 2120.0 181.0 2.0 79.0 14.0 0.0 0.0 1.0 0.0 0.0 0.0
196.0 23.883 5384.0 398.0 2.0 73.0 16.0 1.0 0.0 1.0 802.0 0.0 0.0
197.0 93.039 7398.0 517.0 1.0 67.0 12.0 0.0 0.0 1.0 749.0 0.0 0.0
198.0 50.699 3977.0 304.0 2.0 84.0 17.0 1.0 0.0 0.0 69.0 0.0 0.0
199.0 27.349 2000.0 169.0 4.0 51.0 16.0 1.0 0.0 1.0 0.0 0.0 0.0
200.0 10.403 4159.0 310.0 3.0 43.0 7.0 0.0 0.0 1.0 571.0 0.0 1.0
201.0 23.949 5343.0 383.0 2.0 40.0 18.0 0.0 0.0 1.0 829.0 0.0 0.0
202.0 73.914 7333.0 529.0 6.0 67.0 15.0 1.0 0.0 1.0 1048.0 1.0 0.0
203.0 21.038 1448.0 145.0 2.0 58.0 13.0 1.0 0.0 1.0 0.0 1.0 0.0
204.0 68.206 6784.0 499.0 5.0 40.0 16.0 1.0 1.0 0.0 1411.0 0.0 0.0
205.0 57.337 5310.0 392.0 2.0 45.0 7.0 1.0 0.0 0.0 456.0 1.0 0.0
206.0 10.793 3878.0 321.0 8.0 29.0 13.0 0.0 0.0 0.0 638.0 1.0 0.0
207.0 23.45 2450.0 180.0 2.0 78.0 13.0 0.0 0.0 0.0 0.0 1.0 0.0
208.0 10.842 4391.0 358.0 5.0 37.0 10.0 1.0 1.0 1.0 1216.0 1.0 0.0
209.0 51.345 4327.0 320.0 3.0 46.0 15.0 0.0 0.0 0.0 230.0 0.0 0.0
210.0 151.947 9156.0 642.0 2.0 91.0 11.0 1.0 0.0 1.0 732.0 0.0 0.0
211.0 24.543 3206.0 243.0 2.0 62.0 12.0 1.0 0.0 1.0 95.0 1.0 0.0
212.0 29.567 5309.0 397.0 3.0 25.0 15.0 0.0 0.0 0.0 799.0 1.0 0.0
213.0 39.145 4351.0 323.0 2.0 66.0 13.0 0.0 0.0 1.0 308.0 1.0 0.0
214.0 39.422 5245.0 383.0 2.0 44.0 19.0 0.0 0.0 0.0 637.0 0.0 0.0
215.0 34.909 5289.0 410.0 2.0 62.0 16.0 1.0 0.0 1.0 681.0 1.0 0.0
216.0 41.025 4229.0 337.0 3.0 79.0 19.0 1.0 0.0 1.0 246.0 1.0 0.0
217.0 15.476 2762.0 215.0 3.0 60.0 18.0 0.0 0.0 0.0 52.0 0.0 1.0
218.0 12.456 5395.0 392.0 3.0 65.0 14.0 0.0 0.0 1.0 955.0 1.0 0.0
219.0 10.627 1647.0 149.0 2.0 71.0 10.0 1.0 1.0 1.0 195.0 0.0 1.0
220.0 38.954 5222.0 370.0 4.0 76.0 13.0 1.0 0.0 0.0 653.0 1.0 0.0
221.0 44.847 5765.0 437.0 3.0 53.0 13.0 1.0 1.0 0.0 1246.0 0.0 1.0
222.0 98.515 8760.0 633.0 5.0 78.0 11.0 1.0 0.0 0.0 1230.0 0.0 0.0
223.0 33.437 6207.0 451.0 4.0 44.0 9.0 0.0 1.0 0.0 1549.0 1.0 0.0
224.0 27.512 4613.0 344.0 5.0 72.0 17.0 0.0 0.0 1.0 573.0 0.0 1.0
225.0 121.709 7818.0 584.0 4.0 50.0 6.0 0.0 0.0 1.0 701.0 1.0 0.0
226.0 15.079 5673.0 411.0 4.0 28.0 15.0 1.0 0.0 1.0 1075.0 0.0 1.0
227.0 59.879 6906.0 527.0 6.0 78.0 15.0 1.0 0.0 0.0 1032.0 1.0 0.0
228.0 66.989 5614.0 430.0 3.0 47.0 14.0 1.0 0.0 1.0 482.0 1.0 0.0
229.0 69.165 4668.0 341.0 2.0 34.0 11.0 1.0 0.0 0.0 156.0 0.0 0.0
230.0 69.943 7555.0 547.0 3.0 76.0 9.0 0.0 0.0 1.0 1058.0 0.0 1.0
231.0 33.214 5137.0 387.0 3.0 59.0 9.0 0.0 0.0 0.0 661.0 0.0 0.0
232.0 25.124 4776.0 378.0 4.0 29.0 12.0 0.0 0.0 1.0 657.0 1.0 0.0
233.0 15.741 4788.0 360.0 1.0 39.0 14.0 0.0 0.0 1.0 689.0 0.0 1.0
234.0 11.603 2278.0 187.0 3.0 71.0 11.0 0.0 0.0 1.0 0.0 1.0 0.0
235.0 69.656 8244.0 579.0 3.0 41.0 14.0 0.0 0.0 1.0 1329.0 0.0 0.0
236.0 10.503 2923.0 232.0 3.0 25.0 18.0 1.0 0.0 1.0 191.0 0.0 0.0
237.0 42.529 4986.0 369.0 2.0 37.0 11.0 0.0 0.0 1.0 489.0 0.0 1.0
238.0 60.579 5149.0 388.0 5.0 38.0 15.0 0.0 0.0 1.0 443.0 0.0 1.0
239.0 26.532 2910.0 236.0 6.0 58.0 19.0 1.0 0.0 1.0 52.0 1.0 0.0
240.0 27.952 3557.0 263.0 1.0 35.0 13.0 1.0 0.0 1.0 163.0 0.0 1.0
241.0 29.705 3351.0 262.0 5.0 71.0 14.0 1.0 0.0 1.0 148.0 0.0 1.0
242.0 15.602 906.0 103.0 2.0 36.0 11.0 0.0 0.0 1.0 0.0 0.0 0.0
243.0 20.918 1233.0 128.0 3.0 47.0 18.0 1.0 1.0 1.0 16.0 0.0 1.0
244.0 58.165 6617.0 460.0 1.0 56.0 12.0 1.0 0.0 1.0 856.0 1.0 0.0
245.0 22.561 1787.0 147.0 4.0 66.0 15.0 1.0 0.0 0.0 0.0 1.0 0.0
246.0 34.509 2001.0 189.0 5.0 80.0 18.0 1.0 0.0 1.0 0.0 0.0 0.0
247.0 19.588 3211.0 265.0 4.0 59.0 14.0 1.0 0.0 0.0 199.0 0.0 1.0
248.0 36.364 2220.0 188.0 3.0 50.0 19.0 0.0 0.0 0.0 0.0 1.0 0.0
249.0 15.717 905.0 93.0 1.0 38.0 16.0 0.0 1.0 1.0 0.0 1.0 0.0
250.0 22.574 1551.0 134.0 3.0 43.0 13.0 1.0 1.0 1.0 98.0 1.0 0.0
251.0 10.363 2430.0 191.0 2.0 47.0 18.0 1.0 0.0 1.0 0.0 0.0 1.0
252.0 28.474 3202.0 267.0 5.0 66.0 12.0 0.0 0.0 1.0 132.0 1.0 0.0
253.0 72.945 8603.0 621.0 3.0 64.0 8.0 1.0 0.0 0.0 1355.0 1.0 0.0
254.0 85.425 5182.0 402.0 6.0 60.0 12.0 0.0 0.0 1.0 218.0 0.0 0.0
255.0 36.508 6386.0 469.0 4.0 79.0 6.0 1.0 0.0 1.0 1048.0 1.0 0.0
256.0 58.063 4221.0 304.0 3.0 50.0 8.0 0.0 0.0 0.0 118.0 0.0 0.0
257.0 25.936 1774.0 135.0 2.0 71.0 14.0 1.0 0.0 0.0 0.0 0.0 1.0
258.0 15.629 2493.0 186.0 1.0 60.0 14.0 0.0 0.0 1.0 0.0 0.0 1.0
259.0 41.4 2561.0 215.0 2.0 36.0 14.0 0.0 0.0 1.0 0.0 1.0 0.0
260.0 33.657 6196.0 450.0 6.0 55.0 9.0 1.0 0.0 0.0 1092.0 1.0 0.0
261.0 67.937 5184.0 383.0 4.0 63.0 12.0 0.0 0.0 1.0 345.0 0.0 1.0
262.0 180.379 9310.0 665.0 3.0 67.0 8.0 1.0 1.0 1.0 1050.0 0.0 1.0
263.0 10.588 4049.0 296.0 1.0 66.0 13.0 1.0 0.0 1.0 465.0 1.0 0.0
264.0 29.725 3536.0 270.0 2.0 52.0 15.0 1.0 0.0 0.0 133.0 0.0 0.0
265.0 27.999 5107.0 380.0 1.0 55.0 10.0 0.0 0.0 1.0 651.0 1.0 0.0
266.0 40.885 5013.0 379.0 3.0 46.0 13.0 1.0 0.0 1.0 549.0 0.0 0.0
267.0 88.83 4952.0 360.0 4.0 86.0 16.0 1.0 0.0 1.0 15.0 1.0 0.0
268.0 29.638 5833.0 433.0 3.0 29.0 15.0 1.0 0.0 1.0 942.0 0.0 1.0
269.0 25.988 1349.0 142.0 4.0 82.0 12.0 0.0 0.0 0.0 0.0 1.0 0.0
270.0 39.055 5565.0 410.0 4.0 48.0 18.0 1.0 0.0 1.0 772.0 1.0 0.0
271.0 15.866 3085.0 217.0 1.0 39.0 13.0 0.0 0.0 0.0 136.0 1.0 0.0
272.0 44.978 4866.0 347.0 1.0 30.0 10.0 1.0 0.0 0.0 436.0 1.0 0.0
273.0 30.413 3690.0 299.0 2.0 25.0 15.0 1.0 1.0 0.0 728.0 0.0 1.0
274.0 16.751 4706.0 353.0 6.0 48.0 14.0 0.0 1.0 0.0 1255.0 0.0 1.0
275.0 30.55 5869.0 439.0 5.0 81.0 9.0 1.0 0.0 0.0 967.0 0.0 0.0
276.0 163.329 8732.0 636.0 3.0 50.0 14.0 0.0 0.0 1.0 529.0 1.0 0.0
277.0 23.106 3476.0 257.0 2.0 50.0 15.0 1.0 0.0 0.0 209.0 1.0 0.0
278.0 41.532 5000.0 353.0 2.0 50.0 12.0 0.0 0.0 1.0 531.0 1.0 0.0
279.0 128.04 6982.0 518.0 2.0 78.0 11.0 1.0 0.0 1.0 250.0 1.0 0.0
280.0 54.319 3063.0 248.0 3.0 59.0 8.0 1.0 1.0 0.0 269.0 1.0 0.0
281.0 53.401 5319.0 377.0 3.0 35.0 12.0 1.0 0.0 0.0 541.0 0.0 0.0
282.0 36.142 1852.0 183.0 3.0 33.0 13.0 1.0 0.0 0.0 0.0 0.0 0.0
283.0 63.534 8100.0 581.0 2.0 50.0 17.0 1.0 0.0 1.0 1298.0 1.0 0.0
284.0 49.927 6396.0 485.0 3.0 75.0 17.0 1.0 0.0 1.0 890.0 1.0 0.0
285.0 14.711 2047.0 167.0 2.0 67.0 6.0 0.0 0.0 1.0 0.0 1.0 0.0
286.0 18.967 1626.0 156.0 2.0 41.0 11.0 1.0 0.0 1.0 0.0 0.0 1.0
287.0 18.036 1552.0 142.0 2.0 48.0 15.0 1.0 0.0 0.0 0.0 1.0 0.0
288.0 60.449 3098.0 272.0 4.0 69.0 8.0 0.0 0.0 1.0 0.0 1.0 0.0
289.0 16.711 5274.0 387.0 3.0 42.0 16.0 1.0 0.0 1.0 863.0 0.0 1.0
290.0 10.852 3907.0 296.0 2.0 30.0 9.0 0.0 0.0 0.0 485.0 1.0 0.0
291.0 26.37 3235.0 268.0 5.0 78.0 11.0 0.0 0.0 1.0 159.0 0.0 1.0
292.0 24.088 3665.0 287.0 4.0 56.0 13.0 1.0 0.0 1.0 309.0 1.0 0.0
293.0 51.532 5096.0 380.0 2.0 31.0 15.0 0.0 0.0 1.0 481.0 1.0 0.0
294.0 140.672 11200.0 817.0 7.0 46.0 9.0 0.0 0.0 1.0 1677.0 0.0 0.0
295.0 42.915 2532.0 205.0 4.0 42.0 13.0 0.0 0.0 1.0 0.0 0.0 1.0
296.0 27.272 1389.0 149.0 5.0 67.0 10.0 1.0 0.0 1.0 0.0 1.0 0.0
297.0 65.896 5140.0 370.0 1.0 49.0 17.0 1.0 0.0 1.0 293.0 1.0 0.0
298.0 55.054 4381.0 321.0 3.0 74.0 17.0 0.0 0.0 1.0 188.0 0.0 1.0
299.0 20.791 2672.0 204.0 1.0 70.0 18.0 1.0 0.0 0.0 0.0 0.0 0.0
300.0 24.919 5051.0 372.0 3.0 76.0 11.0 1.0 0.0 1.0 711.0 0.0 0.0
301.0 21.786 4632.0 355.0 1.0 50.0 17.0 0.0 0.0 1.0 580.0 1.0 0.0
302.0 31.335 3526.0 289.0 3.0 38.0 7.0 1.0 0.0 0.0 172.0 1.0 0.0
303.0 59.855 4964.0 365.0 1.0 46.0 13.0 1.0 0.0 1.0 295.0 1.0 0.0
304.0 44.061 4970.0 352.0 1.0 79.0 11.0 0.0 0.0 1.0 414.0 0.0 0.0
305.0 82.706 7506.0 536.0 2.0 64.0 13.0 1.0 0.0 1.0 905.0 0.0 1.0
306.0 24.46 1924.0 165.0 2.0 50.0 14.0 1.0 0.0 1.0 0.0 0.0 1.0
307.0 45.12 3762.0 287.0 3.0 80.0 8.0 0.0 0.0 1.0 70.0 1.0 0.0
308.0 75.406 3874.0 298.0 3.0 41.0 14.0 1.0 0.0 1.0 0.0 0.0 1.0
309.0 14.956 4640.0 332.0 2.0 33.0 6.0 0.0 0.0 0.0 681.0 0.0 1.0
310.0 75.257 7010.0 494.0 3.0 34.0 18.0 1.0 0.0 1.0 885.0 1.0 0.0
311.0 33.694 4891.0 369.0 1.0 52.0 16.0 0.0 1.0 0.0 1036.0 0.0 0.0
312.0 23.375 5429.0 396.0 3.0 57.0 15.0 1.0 0.0 1.0 844.0 1.0 0.0
313.0 27.825 5227.0 386.0 6.0 63.0 11.0 0.0 0.0 1.0 823.0 1.0 0.0
314.0 92.386 7685.0 534.0 2.0 75.0 18.0 1.0 0.0 1.0 843.0 0.0 1.0
315.0 115.52 9272.0 656.0 2.0 69.0 14.0 0.0 0.0 0.0 1140.0 0.0 0.0
316.0 14.479 3907.0 296.0 3.0 43.0 16.0 0.0 0.0 1.0 463.0 1.0 0.0
317.0 52.179 7306.0 522.0 2.0 57.0 14.0 0.0 0.0 0.0 1142.0 0.0 1.0
318.0 68.462 4712.0 340.0 2.0 71.0 16.0 0.0 0.0 1.0 136.0 1.0 0.0
319.0 18.951 1485.0 129.0 3.0 82.0 13.0 1.0 0.0 0.0 0.0 1.0 0.0
320.0 27.59 2586.0 229.0 5.0 54.0 16.0 0.0 0.0 1.0 0.0 0.0 0.0
321.0 16.279 1160.0 126.0 3.0 78.0 13.0 0.0 1.0 1.0 5.0 0.0 0.0
322.0 25.078 3096.0 236.0 2.0 27.0 15.0 1.0 0.0 1.0 81.0 1.0 0.0
323.0 27.229 3484.0 282.0 6.0 51.0 11.0 0.0 0.0 0.0 265.0 1.0 0.0
324.0 182.728 13913.0 982.0 4.0 98.0 17.0 0.0 0.0 1.0 1999.0 1.0 0.0
325.0 31.029 2863.0 223.0 2.0 66.0 17.0 0.0 1.0 1.0 415.0 0.0 1.0
326.0 17.765 5072.0 364.0 1.0 66.0 12.0 1.0 0.0 1.0 732.0 1.0 0.0
327.0 125.48 10230.0 721.0 3.0 82.0 16.0 0.0 0.0 1.0 1361.0 1.0 0.0
328.0 49.166 6662.0 508.0 3.0 68.0 14.0 1.0 0.0 0.0 984.0 0.0 1.0
329.0 41.192 3673.0 297.0 3.0 54.0 16.0 1.0 0.0 1.0 121.0 1.0 0.0
330.0 94.193 7576.0 527.0 2.0 44.0 16.0 1.0 0.0 1.0 846.0 1.0 0.0
331.0 20.405 4543.0 329.0 2.0 72.0 17.0 0.0 1.0 0.0 1054.0 0.0 1.0
332.0 12.581 3976.0 291.0 2.0 48.0 16.0 0.0 0.0 1.0 474.0 1.0 0.0
333.0 62.328 5228.0 377.0 3.0 83.0 15.0 0.0 0.0 0.0 380.0 1.0 0.0
334.0 21.011 3402.0 261.0 2.0 68.0 17.0 0.0 0.0 1.0 182.0 0.0 0.0
335.0 24.23 4756.0 351.0 2.0 64.0 15.0 1.0 0.0 1.0 594.0 1.0 0.0
336.0 24.314 3409.0 270.0 2.0 23.0 7.0 1.0 0.0 1.0 194.0 1.0 0.0
337.0 32.856 5884.0 438.0 4.0 68.0 13.0 0.0 0.0 0.0 926.0 1.0 0.0
338.0 12.414 855.0 119.0 3.0 32.0 12.0 0.0 0.0 1.0 0.0 0.0 0.0
339.0 41.365 5303.0 377.0 1.0 45.0 14.0 0.0 0.0 0.0 606.0 1.0 0.0
340.0 149.316 10278.0 707.0 1.0 80.0 16.0 0.0 0.0 0.0 1107.0 0.0 0.0
341.0 27.794 3807.0 301.0 4.0 35.0 8.0 1.0 0.0 1.0 320.0 0.0 0.0
342.0 13.234 3922.0 299.0 2.0 77.0 17.0 1.0 0.0 1.0 426.0 1.0 0.0
343.0 14.595 2955.0 260.0 5.0 37.0 9.0 0.0 0.0 1.0 204.0 0.0 0.0
344.0 10.735 3746.0 280.0 2.0 44.0 17.0 1.0 0.0 1.0 410.0 1.0 0.0
345.0 48.218 5199.0 401.0 7.0 39.0 10.0 0.0 0.0 1.0 633.0 0.0 1.0
346.0 30.012 1511.0 137.0 2.0 33.0 17.0 0.0 0.0 1.0 0.0 1.0 0.0
347.0 21.551 5380.0 420.0 5.0 51.0 18.0 0.0 0.0 1.0 907.0 0.0 1.0
348.0 160.231 10748.0 754.0 2.0 69.0 17.0 0.0 0.0 0.0 1192.0 1.0 0.0
349.0 13.433 1134.0 112.0 3.0 70.0 14.0 0.0 0.0 1.0 0.0 1.0 0.0
350.0 48.577 5145.0 389.0 3.0 71.0 13.0 1.0 0.0 1.0 503.0 0.0 1.0
351.0 30.002 1561.0 155.0 4.0 70.0 13.0 1.0 0.0 1.0 0.0 1.0 0.0
352.0 61.62 5140.0 374.0 1.0 71.0 9.0 0.0 0.0 1.0 302.0 1.0 0.0
353.0 104.483 7140.0 507.0 2.0 41.0 14.0 0.0 0.0 1.0 583.0 0.0 0.0
354.0 41.868 4716.0 342.0 2.0 47.0 18.0 0.0 0.0 0.0 425.0 1.0 0.0
355.0 12.068 3873.0 292.0 1.0 44.0 18.0 1.0 0.0 1.0 413.0 0.0 1.0
356.0 180.682 11966.0 832.0 2.0 58.0 8.0 1.0 0.0 1.0 1405.0 0.0 0.0
357.0 34.48 6090.0 442.0 3.0 36.0 14.0 0.0 0.0 0.0 962.0 1.0 0.0
358.0 39.609 2539.0 188.0 1.0 40.0 14.0 0.0 0.0 1.0 0.0 0.0 1.0
359.0 30.111 4336.0 339.0 1.0 81.0 18.0 0.0 0.0 1.0 347.0 1.0 0.0
360.0 12.335 4471.0 344.0 3.0 79.0 12.0 0.0 0.0 1.0 611.0 0.0 0.0
361.0 53.566 5891.0 434.0 4.0 82.0 10.0 1.0 0.0 0.0 712.0 1.0 0.0
362.0 53.217 4943.0 362.0 2.0 46.0 16.0 1.0 0.0 1.0 382.0 0.0 1.0
363.0 26.162 5101.0 382.0 3.0 62.0 19.0 1.0 0.0 0.0 710.0 0.0 0.0
364.0 64.173 6127.0 433.0 1.0 80.0 10.0 0.0 0.0 1.0 578.0 1.0 0.0
365.0 128.669 9824.0 685.0 3.0 67.0 16.0 0.0 0.0 1.0 1243.0 0.0 1.0
366.0 113.772 6442.0 489.0 4.0 69.0 15.0 0.0 1.0 1.0 790.0 1.0 0.0
367.0 61.069 7871.0 564.0 3.0 56.0 14.0 0.0 0.0 1.0 1264.0 1.0 0.0
368.0 23.793 3615.0 263.0 2.0 70.0 14.0 0.0 0.0 0.0 216.0 0.0 0.0
369.0 89.0 5759.0 440.0 3.0 37.0 6.0 1.0 0.0 0.0 345.0 1.0 0.0
370.0 71.682 8028.0 599.0 3.0 57.0 16.0 0.0 0.0 1.0 1208.0 1.0 0.0
371.0 35.61 6135.0 466.0 4.0 40.0 12.0 0.0 0.0 0.0 992.0 1.0 0.0
372.0 39.116 2150.0 173.0 4.0 75.0 15.0 0.0 0.0 0.0 0.0 1.0 0.0
373.0 19.782 3782.0 293.0 2.0 46.0 16.0 1.0 1.0 0.0 840.0 1.0 0.0
374.0 55.412 5354.0 383.0 2.0 37.0 16.0 1.0 1.0 1.0 1003.0 1.0 0.0
375.0 29.4 4840.0 368.0 3.0 76.0 18.0 1.0 0.0 1.0 588.0 1.0 0.0
376.0 20.974 5673.0 413.0 5.0 44.0 16.0 1.0 0.0 1.0 1000.0 1.0 0.0
377.0 87.625 7167.0 515.0 2.0 46.0 10.0 1.0 0.0 0.0 767.0 0.0 0.0
378.0 28.144 1567.0 142.0 3.0 51.0 10.0 0.0 0.0 1.0 0.0 1.0 0.0
379.0 19.349 4941.0 366.0 1.0 33.0 19.0 0.0 0.0 1.0 717.0 1.0 0.0
380.0 53.308 2860.0 214.0 1.0 84.0 10.0 0.0 0.0 1.0 0.0 1.0 0.0
381.0 115.123 7760.0 538.0 3.0 83.0 14.0 1.0 0.0 0.0 661.0 0.0 0.0
382.0 101.788 8029.0 574.0 2.0 84.0 11.0 0.0 0.0 1.0 849.0 1.0 0.0
383.0 24.824 5495.0 409.0 1.0 33.0 9.0 0.0 1.0 0.0 1352.0 1.0 0.0
384.0 14.292 3274.0 282.0 9.0 64.0 9.0 0.0 0.0 1.0 382.0 1.0 0.0
385.0 20.088 1870.0 180.0 3.0 76.0 16.0 0.0 0.0 0.0 0.0 0.0 0.0
386.0 26.4 5640.0 398.0 3.0 58.0 15.0 1.0 0.0 0.0 905.0 0.0 1.0
387.0 19.253 3683.0 287.0 4.0 57.0 10.0 0.0 0.0 0.0 371.0 0.0 0.0
388.0 16.529 1357.0 126.0 3.0 62.0 9.0 0.0 0.0 0.0 0.0 0.0 1.0
389.0 37.878 6827.0 482.0 2.0 80.0 13.0 1.0 0.0 0.0 1129.0 1.0 0.0
390.0 83.948 7100.0 503.0 2.0 44.0 18.0 0.0 0.0 0.0 806.0 1.0 0.0
391.0 135.118 10578.0 747.0 3.0 81.0 15.0 1.0 0.0 1.0 1393.0 0.0 1.0
392.0 73.327 6555.0 472.0 2.0 43.0 15.0 1.0 0.0 0.0 721.0 1.0 0.0
393.0 25.974 2308.0 196.0 2.0 24.0 10.0 0.0 0.0 0.0 0.0 0.0 1.0
394.0 17.316 1335.0 138.0 2.0 65.0 13.0 0.0 0.0 0.0 0.0 0.0 0.0
395.0 49.794 5758.0 410.0 4.0 40.0 8.0 0.0 0.0 0.0 734.0 1.0 0.0
396.0 12.096 4100.0 307.0 3.0 32.0 13.0 0.0 0.0 1.0 560.0 1.0 0.0
397.0 13.364 3838.0 296.0 5.0 65.0 17.0 0.0 0.0 0.0 480.0 0.0 0.0
398.0 57.872 4171.0 321.0 5.0 67.0 12.0 1.0 0.0 1.0 138.0 1.0 0.0
399.0 37.728 2525.0 192.0 1.0 44.0 13.0 0.0 0.0 1.0 0.0 1.0 0.0
400.0 18.701 5524.0 415.0 5.0 64.0 7.0 1.0 0.0 0.0 966.0 0.0 1.0
